=rgba 24 7 FEEP-basic
=scale 20
0 0 0 0 0 0 0 0 0 0 0 0 0 0 0 0 0 0 0 0 0 0 0 0
0 3 3 3 3 0 0 7 7 7 7 0 0 B B B B 0 0 F F F F 0
0 3 0 0 0 0 0 7 0 0 0 0 0 B 0 0 0 0 0 F 0 0 F 0
0 3 3 3 0 0 0 7 7 7 0 0 0 B B B 0 0 0 F F F F 0
0 3 0 0 0 0 0 7 0 0 0 0 0 B 0 0 0 0 0 F 0 0 0 0
0 3 0 0 0 0 0 7 7 7 7 0 0 B B B B 0 0 F 0 0 0 0
0 0 0 0 0 0 0 0 0 0 0 0 0 0 0 0 0 0 0 0 0 0 0 0

=rgba 24 7 FEEP-grayscale
=scale 20
00 00 00 00 00 00 00 00 00 00 00 00 00 00 00 00 00 00 00 00 00 00 00 00
00 33 33 33 33 00 00 77 77 77 77 00 00 BB BB BB BB 00 00 FF FF FF FF 00
00 33 00 00 00 00 00 77 00 00 00 00 00 BB 00 00 00 00 00 FF 00 00 FF 00
00 33 33 33 00 00 00 77 77 77 00 00 00 BB BB BB 00 00 00 FF FF FF FF 00
00 33 00 00 00 00 00 77 00 00 00 00 00 BB 00 00 00 00 00 FF 00 00 00 00
00 33 00 00 00 00 00 77 77 77 77 00 00 BB BB BB BB 00 00 FF 00 00 00 00
00 00 00 00 00 00 00 00 00 00 00 00 00 00 00 00 00 00 00 00 00 00 00 00

=rgba 24 7 FEEP-rgb
=scale 20
000 000 000 000 000 000 000 000 000 000 000 000 000 000 000 000 000 000 000 000 000 000 000 000
000 333 355 377 399 000 000 828 848 868 888 000 000 3BB 5BB 7BB 9BB 000 000 FF9 FFB FFD FFF 000
000 533 000 000 000 000 000 826 000 000 000 000 000 3B9 000 000 000 000 000 FD9 000 000 FDF 000
000 733 755 377 000 000 000 824 844 864 000 000 000 3B7 5B7 7B7 000 000 000 FB9 FBB FBD FBF 000
000 933 000 000 000 000 000 822 000 000 000 000 000 3B5 000 000 000 000 000 F99 000 000 000 000
000 A33 000 000 000 000 000 820 840 860 880 000 000 3B3 5B3 7B3 9B3 000 000 F79 000 000 000 000
000 000 000 000 000 000 000 000 000 000 000 000 000 000 000 000 000 000 000 000 000 000 000 000
